1.2467715740203857
0.8372243642807007
0.8915437459945679
1.1101586818695068
1.0286269187927246
1.0230515003204346
0.7198762893676758
0.919952929019928
0.6044604182243347
0.60587477684021
1.0415278673171997
0.9458062052726746
0.9065412282943726
0.7964155077934265
1.217254877090454
0.9173118472099304
0.729514479637146
1.1026978492736816
0.8259339332580566
0.8552330732345581
1.0539824962615967
1.1829079389572144
1.002206802368164
0.8775047063827515
0.7182155251502991
0.7338355183601379
1.118094563484192
1.0415595769882202
0.8955110311508179
1.3097968101501465
0.7652408480644226
0.7733181715011597
1.1540669202804565
1.2023862600326538
0.8507034182548523
1.161665439605713
1.0119502544403076
0.6858762502670288
1.0929700136184692
0.7932103872299194
1.0205085277557373
1.3039591312408447
0.9421806335449219
1.2958062887191772
0.8787751197814941
1.2630852460861206
1.1877713203430176
1.069820761680603
1.1738747358322144
1.0881726741790771
1.1019287109375
1.1783796548843384
1.0849027633666992
1.1125683784484863
1.1544976234436035
1.2576713562011719
1.043578863143921
1.1757394075393677
1.1494121551513672
0.8654679656028748
1.178861141204834
0.8978328704833984
0.7646809220314026
0.9656233191490173
0.9551669359207153
1.1628947257995605
1.137803077697754
1.2720049619674683
1.1710453033447266
1.1480712890625
1.1805106401443481
0.7240734100341797
0.981625497341156
1.2535730600357056
1.0107758045196533
1.2917749881744385
1.0672889947891235
1.2622790336608887
1.181713342666626
1.065359354019165
1.1169493198394775
1.2549798488616943
1.3401544094085693
1.185912847518921
1.0237236022949219
0.8276477456092834
0.9638593196868896
0.9985522031784058
1.090579628944397
0.8082879185676575
1.04608952999115
1.0982294082641602
0.9438361525535583
1.133050799369812
1.0955140590667725
1.081191897392273
1.1164294481277466
1.0464926958084106
1.2816349267959595
1.2712334394454956
1.27388596534729
1.203298807144165
1.203298807144165
1.3004554510116577
1.2946430444717407
1.2211289405822754
1.2876890897750854
1.2977946996688843
1.290528655052185
1.27120840549469
1.3317077159881592
0.5840946435928345
1.1967949867248535
0.8052067756652832
0.9929744601249695
0.2551330029964447
0.967785656452179
0.6865167021751404
0.8219538331031799
1.039399266242981
0.778139591217041
0.9875971078872681
0.7815372943878174
0.9480984807014465
0.6839448809623718
0.6835185289382935
0.8042764067649841
0.643426775932312
0.9743424654006958
0.5144376158714294
1.0698086023330688
1.0486304759979248
1.2199945449829102
0.6914539933204651
0.9289326667785645
0.8983665108680725
1.0289520025253296
1.079138159751892
0.8231210708618164
1.0319443941116333
0.8579668998718262
1.1445209980010986
0.754252016544342
0.705612063407898
1.1188772916793823
0.9750486612319946
0.9900005459785461
0.8039597868919373
0.9736576080322266
0.831950843334198
0.9871804714202881
1.2853978872299194
0.8562397956848145
1.0628875494003296
1.0908901691436768
0.726723313331604
1.0604692697525024
0.6865068674087524
1.2186825275421143
1.0709067583084106
1.2304868698120117
0.9158918857574463
1.164595127105713
1.0384918451309204
1.0337672233581543
1.155471920967102
1.1229392290115356
0.9973814487457275
1.0262037515640259
1.1164054870605469
0.7318614721298218
0.9079645276069641
0.9931374788284302
1.022589087486267
1.059470534324646
0.7878668308258057
1.284922480583191
1.0841865539550781
0.8852494955062866
1.1317164897918701
1.3004817962646484
1.2527496814727783
0.8304391503334045
1.0971101522445679
1.2202057838439941
1.1564050912857056
0.5850934982299805
1.274990200996399
0.9159111976623535
0.9605372548103333
1.0378965139389038
0.9247039556503296
1.2401716709136963
0.9968628883361816
1.0595507621765137
1.0007811784744263
1.0274326801300049
0.8909932971000671
1.1718931198120117
1.0614279508590698
0.8703106641769409
0.9968270063400269
0.8210972547531128
1.0844435691833496
0.8935284614562988
1.2161366939544678
0.7736889123916626
1.105480432510376
1.3357902765274048
0.8772542476654053
1.1029791831970215
1.1276473999023438
1.0991134643554688
1.126322865486145
1.1079182624816895
1.237196445465088
0.8575728535652161
0.9806427955627441
1.2344646453857422
1.2062244415283203
1.2190958261489868
1.0451401472091675
1.1358892917633057
1.3194591999053955
1.1500166654586792
1.201414704322815
1.1799767017364502
1.169934630393982
0.8513795733451843
1.286939024925232
1.0760375261306763
0.8558312654495239
1.1381185054779053
1.095720887184143
0.5992476940155029
1.0676387548446655
0.9806115627288818
1.1154206991195679
0.8686723113059998
1.2134915590286255
1.2432337999343872
1.1819498538970947
1.2148387432098389
0.9632685780525208
0.950705349445343
0.7945281863212585
1.278198003768921
1.0294171571731567
1.2941908836364746
1.0343079566955566
1.0204342603683472
0.9623812437057495
1.0956522226333618
1.1706668138504028
1.1503350734710693
1.003147840499878
0.7884756326675415
1.0341911315917969
0.9650565385818481
0.9943090677261353
1.443137764930725
1.1648666858673096
1.3175747394561768
1.2493970394134521
1.1172070503234863
1.0183414220809937
1.0528762340545654
1.0904394388198853
1.1541361808776855
1.056612491607666
1.3408269882202148
0.8028659224510193
1.283255934715271
1.0973206758499146
1.245778203010559
0.9734891057014465
1.2360409498214722
1.0541454553604126
0.9088205099105835
1.0783025026321411
1.0512319803237915
1.2263909578323364
1.209302306175232
0.9218998551368713
1.1840308904647827
0.9915979504585266
1.0359485149383545
0.9705296158790588
1.0625427961349487
1.1109719276428223
1.0733826160430908
0.8165042400360107
1.1979421377182007
1.09673011302948
1.0854685306549072
1.0576578378677368
1.0337289571762085
1.1050488948822021
1.108099102973938
1.1541357040405273
1.0736321210861206
1.0035032033920288
0.9753525853157043
0.9786667227745056
1.354772925376892
0.9615894556045532
1.1726447343826294
1.222574234008789
1.0651248693466187
1.048868179321289
1.039141297340393
1.3075611591339111
1.1812258958816528
0.9810816049575806
1.2813650369644165
1.3658133745193481
1.0970860719680786
0.6865726113319397
1.13782799243927
1.1697065830230713
1.0641050338745117
0.8746455907821655
1.2310396432876587
0.980553150177002
1.1912028789520264
1.0177662372589111
1.1526310443878174
0.46193379163742065
1.1908808946609497
1.3487117290496826
1.0769306421279907
0.9928421378135681
1.1905704736709595
1.19261634349823
0.7576367855072021
0.936172366142273
1.0537323951721191
0.7781864404678345
0.9533300995826721
1.265227198600769
1.0320937633514404
1.2146245241165161
1.2483463287353516
1.1105036735534668
1.16510808467865
1.0116775035858154
1.0849593877792358
0.7245727777481079
0.9800142645835876
0.8532747030258179
1.0873554944992065
1.1327069997787476
0.7257821559906006
1.1524150371551514
1.1974047422409058
1.196740984916687
1.1960128545761108
0.9285280108451843
1.249186635017395
0.5692921280860901
0.8328453898429871
1.0751173496246338
0.9701294898986816
0.9350236654281616
1.223337173461914
0.962861955165863
1.2184686660766602
1.3170626163482666
1.205761194229126
1.265946388244629
0.6624165773391724
0.902174174785614
0.989376962184906
1.0524088144302368
1.2680867910385132
1.089921236038208
0.9839411377906799
1.228540062904358
1.0078697204589844
1.1392922401428223
1.15664541721344
0.920527458190918
1.2543039321899414
1.3391536474227905
1.1558293104171753
1.0810160636901855
1.2905070781707764
1.017891526222229
1.0877183675765991
1.0905838012695312
1.1600428819656372
1.2197390794754028
1.1730835437774658
1.0098004341125488
0.847130537033081
0.9361162781715393
1.1990160942077637
1.015217661857605
0.7057427763938904
1.2709788084030151
1.1259273290634155
1.092552661895752
1.29706609249115
0.9051843285560608
1.1357955932617188
1.2926448583602905
1.0417149066925049
1.2185494899749756
0.3419370651245117
1.178281307220459
0.6999025344848633
0.823544442653656
1.0798323154449463
1.1533833742141724
1.0153511762619019
1.15543532371521
1.3634997606277466
1.0189372301101685
0.9817149043083191
1.2451575994491577
1.252663493156433
0.9821476340293884
1.1693302392959595
0.9587459564208984
0.8662171363830566
0.9336673617362976
1.3414746522903442
0.9836667776107788
1.1754071712493896
1.0872377157211304
0.7695584893226624
1.1919755935668945
1.2067945003509521
1.142845630645752
1.1794370412826538
1.109441876411438
1.0569169521331787
1.2046730518341064
1.2878293991088867
1.205451250076294
1.3305456638336182
1.2694631814956665
0.9281756281852722
1.242351770401001
0.8788682818412781
0.8866041302680969
1.302098035812378
1.073036551475525
1.1827882528305054
1.1814384460449219
1.1905736923217773
1.030084252357483
1.2992606163024902
1.0867900848388672
1.1793099641799927
1.0708999633789062
1.0699195861816406
1.039462924003601
1.0723779201507568
1.1252802610397339
0.9938145279884338
1.241601586341858
1.2583187818527222
0.5931597948074341
0.9975176453590393
1.3596268892288208
1.2170329093933105
1.012760043144226
1.1895567178726196
1.0914459228515625
1.1061190366744995
1.1581628322601318
1.3425288200378418
0.8647101521492004
1.0702229738235474
1.2159276008605957
1.2122957706451416
1.1507532596588135
1.1251051425933838
1.3000330924987793
1.250411033630371
1.2014539241790771
1.3654824495315552
1.2121702432632446
1.252604603767395
1.0816190242767334
1.1730095148086548
1.2689586877822876
1.229666829109192
1.2596752643585205
0.8726384043693542
1.001247525215149
1.291232705116272
1.0963850021362305
1.1143933534622192
1.1898994445800781
1.2148833274841309
1.065922498703003
1.2106919288635254
0.7632842063903809
1.247414231300354
1.0455814599990845
1.2272166013717651
1.1594810485839844
1.2306817770004272
0.9699264168739319
1.1419473886489868
1.259918212890625
1.0748945474624634
1.3172732591629028
1.3820736408233643
1.179939866065979
1.125129222869873
1.1989383697509766
1.1534802913665771
1.215098261833191
1.1392183303833008
0.9905069470405579
1.0802772045135498
1.0038448572158813
1.2342532873153687
1.3362369537353516
1.0249921083450317
1.0571357011795044
0.9064124226570129
1.0675030946731567
1.0228275060653687
1.299458384513855
1.1710020303726196
0.7764635682106018
1.2237963676452637
1.1356818675994873
1.1809691190719604
1.2509845495224
1.2039510011672974
1.0270971059799194
1.3003220558166504
1.144554615020752
1.1027978658676147
0.727194607257843
1.022297978401184
1.10873544216156
1.258872389793396
1.2881786823272705
0.876356840133667
0.9822970032691956
1.314706802368164
0.9802660346031189
1.1790916919708252
1.2094645500183105
1.3849397897720337
1.3353049755096436
1.039530873298645
0.9248185753822327
1.0227129459381104
1.0564582347869873
1.2497683763504028
1.3612843751907349
1.4206360578536987
1.35299813747406
1.1648540496826172
1.3406851291656494
1.0484188795089722
0.9298203587532043
1.1739277839660645
0.8298264741897583
1.072659969329834
1.1158515214920044
1.2974694967269897
1.2196553945541382
1.2967475652694702
1.2028273344039917
1.1864603757858276
1.1851555109024048
1.1052178144454956
0.9244408011436462
0.9947604537010193
1.1559514999389648
1.2026594877243042
1.0002514123916626
1.0581387281417847
1.2277430295944214
1.0212053060531616
1.1327617168426514
1.2942497730255127
1.1722835302352905
1.0834747552871704
1.051809310913086
1.1063565015792847
1.2624284029006958
1.3046010732650757
1.1358271837234497
0.8757920265197754
1.1681463718414307
1.0513662099838257
1.1876702308654785
1.2201030254364014
1.1472169160842896
1.0508267879486084
1.2385239601135254
1.386459469795227
1.312498927116394
1.218994379043579
1.1038548946380615
1.3555227518081665
1.3137811422348022
0.6645392179489136
1.1602931022644043
1.3237088918685913
1.2088580131530762
0.7220020890235901
1.2490298748016357
1.2664368152618408
1.2121715545654297
1.2055261135101318
1.1670411825180054
0.9699956774711609
1.1703259944915771
1.0410470962524414
0.8322198987007141
1.1603960990905762
1.077244758605957
1.198555588722229
1.190747618675232
1.1227085590362549
1.2612296342849731
1.244933843612671
1.117459774017334
1.0760173797607422
0.8501761555671692
1.0168228149414062
1.0991483926773071
1.2587653398513794
0.8997664451599121
1.3528183698654175
1.0687248706817627
0.9752302169799805
1.2106114625930786
0.9633876085281372
1.2022770643234253
0.7851070165634155
1.0764182806015015
0.9245259165763855
1.1929887533187866
0.9846655130386353
1.2913187742233276
0.9993441104888916
1.181656002998352
1.0874625444412231
0.9834036231040955
1.0545159578323364
1.0926545858383179
1.159550428390503
1.0507416725158691
1.231876254081726
1.2783743143081665
1.2252415418624878
1.154162049293518
1.0770306587219238
1.2321909666061401
0.573081374168396
1.1352181434631348
1.0573967695236206
1.0470691919326782
1.0020630359649658
1.3308218717575073
1.0562416315078735
1.0884981155395508
1.127467393875122
1.1449943780899048
1.0135878324508667
0.9354986548423767
1.0036616325378418
1.0207816362380981
1.0601718425750732
1.0596559047698975
1.1516475677490234
0.9815413951873779
1.0169330835342407
0.9666839241981506
1.0152803659439087
1.165202021598816
1.0965540409088135
1.2194929122924805
1.0327147245407104
1.220693588256836
1.0172702074050903
1.0272740125656128
1.0557712316513062
1.0707221031188965
1.0935288667678833
1.0547459125518799
1.1146284341812134
1.128161072731018
1.0425697565078735
0.9024576544761658
1.1363964080810547
0.996512770652771
1.1563630104064941
1.2847317457199097
1.2692253589630127
1.1670764684677124
1.2225854396820068
1.1907744407653809
1.181173324584961
0.9901484847068787
1.363958477973938
1.3057568073272705
0.9546284675598145
1.2457232475280762
1.2647265195846558
1.3384109735488892
1.3856632709503174
1.3272191286087036
1.3759009838104248
1.377040982246399
1.218344807624817
1.3848052024841309
1.3641806840896606
1.2508771419525146
1.395350456237793
1.4140141010284424
1.2705918550491333
1.440045952796936
1.4139347076416016
1.3219572305679321
1.3029866218566895
1.3841207027435303
1.2752079963684082
1.298519492149353
1.3791773319244385
1.4133771657943726
1.3453633785247803
1.3835511207580566
1.3719663619995117
1.3889425992965698
1.3175607919692993
1.3804020881652832
1.3791877031326294
1.2849225997924805
1.2971303462982178
1.360938310623169
1.3407666683197021
1.3571494817733765
1.301743745803833
1.207809567451477
1.378604531288147
1.3931634426116943
1.4234752655029297
1.2882550954818726
1.3849279880523682
1.4157953262329102
1.3310189247131348
1.2803086042404175
1.34782874584198
1.3906657695770264
1.4267125129699707
1.3890239000320435
1.2982404232025146
1.312432050704956
1.3448237180709839
1.3402522802352905
1.3559376001358032
1.3450911045074463
1.3539481163024902
1.2859188318252563
1.3222401142120361
1.2941973209381104
1.3794914484024048
1.2456339597702026
1.3763082027435303
1.329519271850586
1.3348841667175293
1.3178242444992065
1.2838006019592285
1.3714807033538818
1.2392477989196777
0.8240537047386169
1.2170600891113281
0.838204026222229
1.262891173362732
0.8235746622085571
0.44626739621162415
1.1849339008331299
0.9899348616600037
1.3023419380187988
0.8943823575973511
0.898377001285553
1.0543698072433472
0.8133448958396912
1.1061307191848755
1.0043537616729736
1.0233160257339478
1.088004231452942
1.070141315460205
0.8712843656539917
0.7665770649909973
1.2145862579345703
1.189324975013733
0.8103848695755005
0.9863957166671753
1.2454417943954468
1.2275478839874268
0.8952831625938416
1.0676746368408203
1.141273021697998
1.1226367950439453
1.0725483894348145
0.9974015355110168
1.0983244180679321
1.2540769577026367
1.0936816930770874
1.0265538692474365
0.7722605466842651
1.1581658124923706
0.9483203887939453
0.8829626441001892
1.1504981517791748
1.2859888076782227
0.8117406368255615
1.1449687480926514
1.113154649734497
1.024268388748169
1.2073521614074707
0.9071313142776489
1.16122567653656
1.1425130367279053
0.9870635271072388
1.1274595260620117
0.9265764355659485
1.0316029787063599
1.280173659324646
1.0912362337112427
1.0504623651504517
1.1486917734146118
1.0360496044158936
1.1455761194229126
1.293006181716919
1.0999844074249268
1.2600131034851074
0.8632382750511169
1.0339300632476807
1.0550531148910522
1.0187448263168335
1.1067475080490112
0.9157679080963135
1.2694398164749146
1.0831413269042969
1.0406042337417603
1.241541862487793
1.0058112144470215
0.7099448442459106
1.200666069984436
1.181185007095337
0.9716176986694336
1.1413723230361938
1.2385907173156738
1.2299895286560059
1.1028116941452026
1.1588547229766846
0.9277951717376709
1.1309230327606201
1.2289859056472778
0.9099526405334473
1.225377082824707
0.9309090971946716
1.17830228805542
1.128657341003418
1.0856494903564453
1.0369964838027954
0.9202129244804382
1.223117709159851
1.0667599439620972
1.02604341506958
1.2925550937652588
1.270232915878296
1.2189323902130127
1.2053344249725342
1.1186563968658447
1.0566486120224
1.3112976551055908
1.2896608114242554
1.2486498355865479
1.314805269241333
0.8653698563575745
1.0963064432144165
1.0904546976089478
1.0680361986160278
1.128906011581421
1.0353602170944214
1.1557445526123047
1.310565710067749
0.9712923765182495
1.0922297239303589
1.226516604423523
0.9314845204353333
1.1823759078979492
1.1075975894927979
1.1519830226898193
1.0473906993865967
1.0914382934570312
1.3134528398513794
1.038981556892395
1.0332099199295044
1.0983718633651733
0.9026563763618469
1.0762604475021362
1.0641893148422241
1.157475471496582
1.042379379272461
1.2465887069702148
1.0451745986938477
0.8569880723953247
1.1866182088851929
0.9420341849327087
1.2305378913879395
1.0094205141067505
1.3873178958892822
1.1755884885787964
1.326795220375061
1.2447137832641602
1.1527838706970215
1.264350175857544
1.0789841413497925
1.1928571462631226
0.7776064872741699
1.0649515390396118
1.1975558996200562
0.9551486968994141
0.9686211943626404
1.0189189910888672
1.254542589187622
0.9553033113479614
0.8981012105941772
0.9867278337478638
1.1088104248046875
1.2490676641464233
1.1868722438812256
0.9883369207382202
1.122754693031311
1.163152813911438
1.1229506731033325
1.1521416902542114
1.0643935203552246
1.2162166833877563
1.1445882320404053
1.0016688108444214
1.3201887607574463
1.088573694229126
1.0928250551223755
1.2984660863876343
1.0020833015441895
1.0569573640823364
1.0708420276641846
1.1927428245544434
1.1148844957351685
1.178895115852356
1.0932035446166992
1.1152338981628418
1.0063034296035767
1.017317533493042
1.182719349861145
1.2095165252685547
1.2093538045883179
1.1160428524017334
1.141655683517456
1.1507786512374878
1.170518159866333
1.1202783584594727
1.157404899597168
1.1636507511138916
1.1829248666763306
1.314268708229065
1.0088634490966797
1.2041410207748413
1.2382498979568481
1.1659287214279175
1.0659637451171875
1.0999637842178345
1.181058645248413
1.3194222450256348
1.2857311964035034
1.1758527755737305
1.1947031021118164
1.1011494398117065
1.2646632194519043
1.2951717376708984
1.094881296157837
1.255185604095459
1.3030177354812622
1.413925051689148
1.3072617053985596
1.3053652048110962
1.233981966972351
1.2146445512771606
1.1717506647109985
1.1550737619400024
1.2514760494232178
1.1266010999679565
